0 63
1 3
2 51
3 52
4 62
5 14
6 15
7 31
8 61
9 32
10 2
11 49
12 21
13 60
14 57
15 59
16 54
17 56
18 53
19 50
20 23
21 55
22 58
23 0
24 1
25 195
26 30
27 12
28 214
29 13
30 29
31 109
32 198
33 72
34 20
35 149
36 152
37 24
38 102
39 22
40 89
41 140
42 224
43 213
44 139
45 157
46 196
47 166
48 151
49 197
50 150
51 215
52 165
53 110
54 178
55 103
56 104
57 225
58 137
59 138
60 212
61 159
62 199
63 156
64 167
65 202
66 153
67 164
68 216
69 179
70 111
71 106
72 105
73 222
74 136
75 211
76 135
77 158
78 155
79 162
80 154
81 108
82 201
83 200
84 176
85 161
86 217
87 107
88 112
89 99
90 223
91 134
92 70
93 133
94 210
95 96
96 163
97 94
98 160
99 66
100 82
101 79
102 67
103 177
104 101
105 7
106 6
107 37
108 38
109 324
110 269
111 258
112 323
113 268
114 257
115 322
116 267
117 256
118 121
119 321
120 266
121 255
122 320
123 265
124 254
125 319
126 264
127 253
128 318
129 263
130 252
131 317
132 262
133 251
134 316
135 261
136 250
137 315
138 260
139 249
140 314
141 259
142 248
143 313
144 291
145 236
146 312
147 290
148 235
149 311
150 289
151 234
152 310
153 288
154 233
155 309
156 287
157 232
158 308
159 286
160 231
161 307
162 285
163 230
164 306
165 284
166 229
167 305
168 283
169 228
170 304
171 282
172 227
173 65
174 303
175 281
176 226
177 302
178 280
179 247
180 129
181 301
182 279
183 246
184 300
185 278
186 245
187 299
188 277
189 244
190 298
191 276
192 243
193 297
194 275
195 242
196 296
197 274
198 241
199 295
200 273
201 240
202 294
203 272
204 239
205 293
206 271
207 238
208 64
209 292
210 270
211 237
212 88
213 42
214 171
215 28
216 168
217 26
218 45
219 25
220 47
221 48
222 84
223 78
224 92
225 75
226 98
227 76
228 91
229 85
230 68
231 69
232 95
233 80
234 81
235 71
236 114
237 100
238 87
239 113
240 93
241 74
242 77
243 97
244 73
245 90
246 83
247 218
248 86
249 187
250 144
251 190
252 141
253 115
254 184
255 116
256 185
257 128
258 127
259 206
260 209
261 132
262 174
263 173
264 219
265 143
266 188
267 142
268 189
269 183
270 118
271 126
272 125
273 131
274 208
275 117
276 205
277 175
278 186
279 172
280 220
281 148
282 191
283 145
284 194
285 123
286 180
287 124
288 119
289 207
290 204
291 130
292 170
293 181
294 169
295 120
296 147
297 221
298 146
299 192
300 193
301 122
302 203
303 19
304 5
305 4
306 182
307 46
308 16
309 10
310 11
311 36
312 35
313 9
314 18
315 8
316 43
317 34
318 33
319 44
320 17
321 41
322 39
323 40
324 27
