0 5
1 141
2 140
3 139
4 4
5 54
6 210
7 209
8 208
9 61
10 53
11 213
12 212
13 211
14 62
15 52
16 216
17 215
18 214
19 63
20 1
21 132
22 131
23 130
24 0
25 8
26 207
27 206
28 205
29 40
30 66
31 314
32 259
33 248
34 97
35 65
36 303
37 281
38 226
39 98
40 64
41 292
42 270
43 237
44 99
45 51
46 144
47 143
48 142
49 19
50 9
51 204
52 203
53 202
54 39
55 69
56 315
57 260
58 249
59 100
60 68
61 304
62 282
63 227
64 101
65 67
66 293
67 271
68 238
69 102
70 50
71 147
72 146
73 145
74 20
75 10
76 201
77 200
78 199
79 38
80 72
81 316
82 261
83 250
84 103
85 71
86 305
87 283
88 228
89 104
90 70
91 294
92 272
93 239
94 105
95 49
96 150
97 149
98 148
99 21
100 11
101 198
102 197
103 196
104 37
105 75
106 317
107 262
108 251
109 106
110 74
111 306
112 284
113 229
114 107
115 73
116 295
117 273
118 240
119 108
120 48
121 153
122 152
123 151
124 22
125 12
126 195
127 194
128 193
129 36
130 78
131 318
132 263
133 252
134 109
135 77
136 307
137 285
138 230
139 110
140 76
141 296
142 274
143 241
144 111
145 47
146 156
147 155
148 154
149 23
150 13
151 192
152 191
153 190
154 35
155 81
156 319
157 264
158 253
159 112
160 80
161 308
162 286
163 231
164 113
165 79
166 297
167 275
168 242
169 114
170 46
171 159
172 158
173 157
174 24
175 14
176 189
177 188
178 187
179 34
180 84
181 320
182 265
183 254
184 115
185 83
186 309
187 287
188 232
189 116
190 82
191 298
192 276
193 243
194 117
195 45
196 162
197 161
198 160
199 25
200 15
201 186
202 185
203 184
204 33
205 87
206 321
207 266
208 255
209 118
210 86
211 310
212 288
213 233
214 119
215 85
216 299
217 277
218 244
219 120
220 44
221 165
222 164
223 163
224 26
225 16
226 183
227 182
228 181
229 32
230 90
231 322
232 267
233 256
234 121
235 89
236 311
237 289
238 234
239 122
240 88
241 300
242 278
243 245
244 123
245 43
246 168
247 167
248 166
249 27
250 17
251 180
252 179
253 178
254 31
255 93
256 323
257 268
258 257
259 124
260 92
261 312
262 290
263 235
264 125
265 91
266 301
267 279
268 246
269 126
270 42
271 171
272 170
273 169
274 28
275 18
276 177
277 176
278 175
279 30
280 96
281 324
282 269
283 258
284 127
285 95
286 313
287 291
288 236
289 128
290 94
291 302
292 280
293 247
294 129
295 41
296 174
297 173
298 172
299 29
300 7
301 133
302 134
303 135
304 6
305 58
306 225
307 224
308 223
309 57
310 59
311 222
312 221
313 220
314 56
315 60
316 219
317 218
318 217
319 55
320 3
321 138
322 137
323 136
324 2
