0 61
1 32
2 31
3 15
4 14
5 59
6 53
7 54
8 57
9 21
10 60
11 56
12 55
13 58
14 23
15 62
16 49
17 50
18 0
19 1
20 63
21 52
22 51
23 3
24 2
25 72
26 29
27 30
28 12
29 13
30 152
34 20
35 149
39 24
40 198
44 22
45 195
46 214
47 109
48 102
49 89
50 157
51 213
52 140
53 139
54 224
55 151
59 166
60 150
64 165
65 197
69 178
70 196
71 215
72 110
73 104
74 103
75 159
76 212
77 137
78 138
79 225
80 156
84 167
85 153
89 164
90 202
94 179
95 199
96 216
97 111
98 105
99 106
100 158
101 211
102 136
103 135
104 222
105 155
109 162
110 154
114 161
115 201
119 176
120 200
121 217
122 112
123 108
124 107
125 96
126 210
127 133
128 134
129 223
130 94
134 163
135 82
139 160
140 79
144 177
145 66
146 67
147 70
148 99
149 101
150 76
151 75
152 78
153 98
154 92
155 95
159 91
160 81
164 85
165 80
169 84
170 69
171 68
172 71
173 100
174 88
175 73
176 74
177 77
178 97
179 93
180 144
184 90
185 141
189 86
190 190
194 83
195 187
196 218
197 113
198 114
199 87
200 209
201 206
202 132
203 128
204 127
205 143
209 174
210 142
214 173
215 189
219 185
220 188
221 219
222 116
223 115
224 184
225 208
226 205
227 131
228 125
229 126
230 148
234 175
235 145
239 172
240 194
244 186
245 191
246 220
247 117
248 118
249 183
250 207
251 204
252 130
253 124
254 123
255 147
259 170
260 146
264 169
265 193
269 181
270 192
271 221
272 120
273 119
274 180
275 19
276 203
277 129
278 121
279 122
280 16
284 171
285 28
289 168
290 25
294 182
295 64
296 45
297 46
298 4
299 5
300 18
301 36
302 35
303 11
304 10
305 17
306 33
307 34
308 8
309 9
310 27
311 40
312 39
313 44
314 43
315 26
316 37
317 38
318 41
319 42
320 65
321 48
322 47
323 7
324 6
